1  2   2.2246   1
1  3   8.4818   2
1  4   6.8818   3
1  5   6.6818   4
1  6   5.7698   5
1  7   7.7818   6
2  3   7.7180   1
2  4   28.2957  2
2  5   27.5607  3
2  6   29.2704  4
2  7   28.8674  5
2  8   31.3962  6
2  9   31.2962  7
2  10  30.3386  8
3  4   4.6150   1
3  5   26.3307  2
3  6   31.9940  3
3  7   39.2451  4
3  8   41.2777  5
3  9   45.3399  6
3  10  45.3135  7
3  11  45.7090  8
3  12  45.5890  9
3  13  44.2390  10
4  6   26.9235  2
4  7   37.6008  3
4  8   56.4995  4
4  9   58.1640  5
4  10  64.9763  6
4  11  65.4779  7
4  12  68.6498  8
4  13  68.5898  9
4  14  69.9146  10
5  7   24.7168  2
5  8   37.7372  3
5  9   56.3136  4
5  10  64.7507  5
5  11  76.2048  6
5  12  79.5752  7
5  13  84.4532  8
5  14  85.4230  9
5  15  88.1940  10
5  16  88.1090  11
5  17  89.5298  12
6  8   24.7940  2
6  9   39.0383  3
6  10  60.3204  4
6  11  73.4401  5
6  12  92.1617  6
6  13  97.1080  7
6  14  105.2845 8
6  15  106.5025 9
6  16  110.7529 10
6  17  111.4861 11
6  18  115.6701 12
6  19  116.2469 13
6  20  119.1747 14
7  10  36.4366  3
7  11  59.0045  4
7  12  74.0413  5
7  13  94.1052  6
7  14  104.6586 7
7  15  115.4919 8
7  16  117.9810 9
7  17  123.8659 10
7  18  126.6941 11
7  19  132.0216 12
7  20  134.1848 13
7  21  138.7701 14
7  22  140.0539 15
8  12  58.5491  4
8  13  75.5536  5
8  14  98.7322  6
8  15  111.9554 7
8  16  127.6193 8
8  17  131.7624 9
8  18  139.8078 10
8  19  143.7627 11
8  20  151.3714 12
8  21  155.1769 13
8  22  162.0286 14
8  23  164.7609 15
8  24  168.9524 16
8  25  168.1765 17
9  14  73.9936  5
9  15  97.2157  6
9  16  111.4197 7
9  17  128.2196 8
9  18  137.3695 9
9  19  147.8014 10
9  20  154.4027 11
9  21  162.5042 12
9  22  167.7345 13
9  23  175.2896 14
9  24  179.1110 15
9  25  183.3783 16
9  26  184.1481 17
9  27  186.2548 18
10 16  97.3212  6
10 17 112.8885  7
10 18 132.1426  8
10 19 143.7795  9
10 20 160.6448  10
10 21 167.4060  11
10 22 177.7702  12
10 23 182.9709  13
10 24 191.8398  14
10 25 196.0193  15
10 26 201.5513  16
10 27 203.0663  17
10 28 206.8818  18
10 29 207.8449  19
10 30 211.2765  20
10 31 211.5670  21
11 18 111.6375  7
11 19 131.8214  8
11 20 145.9703  9
11 21 163.0765  10
11 22 174.1447  11
11 23 186.5643  12
11 24 193.5238  13
11 25 202.5349  14
11 26 208.1092  15
11 27 214.8374  16
11 28 218.3794  17
11 29 222.7927  18
11 30 225.1596  19
11 31 229.0654  20
11 32 230.8667  21
12 19 112.1385  7
12 20 134.4794  8
12 21 149.1967  9
12 22 168.5808  10
12 23 181.7254  11
12 24 198.2570  12
12 25 205.5876  13
12 26 216.6806  14
12 27 223.1240  15
12 28 231.6274  16
12 29 235.2829  17
12 30 241.6434  18
12 31 244.0130  19
12 32 249.8056  20
12 33 252.0182  21
12 34 256.4762  22
12 35 257.4681  23
12 36 260.7991  24
13 23 168.7217  10
13 24 183.5900  11
13 25 200.5286  12
13 26 211.8939  13
13 27 224.9518  14
13 28 232.6768  15
13 29 242.1130  16
13 30 247.8415  17
13 31 254.9953  18
13 32 259.1736  19
13 33 264.6202  20
13 34 267.3014  21
13 35 272.5454  22
13 36 274.4465  23
13 37 278.6587  24
13 38 280.3297  25
14 24 172.0041  10
14 25 187.0034  11
14 26 206.0424  12
14 27 219.3571  13
14 28 236.5368  14
14 29 245.0104  15
14 30 255.6196  16
14 31 262.2070  17
14 32 271.4070  18
14 33 275.9149  19
14 34 283.4287  20
14 35 285.9037  21
14 36 292.0322  22
14 37 294.2802  23
14 38 299.9275  24
14 39 301.5082  25
14 40 306.4702  26
14 41 307.8515  27
15 27 206.9062  12
15 28 221.4107  13
15 29 239.2856  14
15 30 250.6049  15
15 31 262.9162  16
15 32 270.8518  17
15 33 280.9556  18
15 34 287.2383  19
15 35 295.6187  20
15 36 299.0833  21
15 37 305.8994  22
15 38 309.6176  23
15 39 315.8413  24
15 40 319.1919  25
15 41 324.1686  26
15 42 326.2504  27
15 43 330.6516  28
16 28 209.4061  12
16 29 224.7078  13
16 30 243.6843  14
16 31 256.7363  15
16 32 271.7801  16
16 33 280.4218  17
16 34 291.8389  18
16 35 298.8247  19
16 36 308.7140  20
16 37 313.0176  21
16 38 321.0537  22
16 39 325.4262  23
16 40 333.2655  24
16 41 337.4952  25
16 42 344.1553  26
16 43 346.6194  27
16 44 351.7202  28
16 45 354.6813  29
17 31 243.9771  14
17 32 258.3174  15
17 33 274.0569  16
17 34 285.5649  17
17 35 298.2097  18
17 36 306.7895  19
17 37 317.1004  20
17 38 323.2083  21
17 39 331.2817  22
17 40 337.1106  23
17 41 344.9313  24
17 42 350.6085  25
17 43 358.1749  26
17 44 362.4433  27
17 45 368.2691  28
17 46 371.7910  29
18 32 246.4003  14
18 33 261.6555  15
18 34 278.7199  16
18 35 291.4612  17
18 36 306.7167  18
18 37 315.5042  19
18 38 327.3426  20
18 39 333.9413  21
18 40 343.8104  22
18 41 349.9093  23
18 42 359.3358  24
18 43 364.9942  25
18 44 373.7289  26
18 45 378.8979  27
18 46 386.9278  28
18 47 390.4794  29
19 35 278.8044  16
19 36 293.1202  17
19 37 308.5743  18
19 38 320.6461  19
19 39 333.7240  20
19 40 341.5236  21
19 41 351.6190  22
19 42 359.1527  23
19 43 368.7774  24
19 44 376.0548  25
19 45 384.9603  26
19 46 391.8299  27
19 47 400.1963  28
19 48 404.8439  29
19 49 410.2419  30
19 50 414.4377  31
20 36 281.3716  16
20 37 296.1275  17
20 38 313.1216  18
20 39 326.4171  19
20 40 342.0522  20
20 41 350.4150  21
20 42 361.8957  22
20 43 369.8286  23
20 44 380.9599  24
20 45 388.3747  25
20 46 398.7737  26
20 47 406.0500  27
20 48 415.9998  28
20 49 421.1462  29
20 50 427.5070  30
20 51 431.8637  31
20 52 436.5707  32
21 39 312.5248  18
21 40 326.9467  19
21 41 343.1372  20
21 42 354.6872  21
21 43 366.8255  22
21 44 376.5250  23
21 45 387.8504  24
21 46 396.6110  25
21 47 407.2594  26
21 48 415.4967  27
21 49 425.6255  28
21 50 431.6829  29
21 51 438.4355  30
21 52 443.6358  31
21 55 457.0737  34
22 40 314.4915  18
22 41 328.8026  19
22 42 346.8884  20
22 43 359.1762  21
22 44 375.4749  22
22 45 385.0060  23
22 46 398.1960  24
22 47 407.0767  25
22 48 418.7034  26
22 49 426.8457  27
22 50 437.7850  28
22 51 444.1575  29
22 52 451.9658  30
22 53 457.3982  31
22 54 464.2339  32
22 55 468.3812  33
22 56 473.7189  34
22 57 476.3973  35
23 44 361.2604  21
23 45 377.0951  22
23 46 390.3610  23
23 47 403.3636  24
23 48 413.9057  25
23 49 425.4615  26
23 50 434.7960  27
23 51 445.8471  28
23 52 453.1584  29
23 53 461.6358  30
23 54 467.7493  31
23 55 475.0811  32
23 56 480.0799  33
23 57 486.2599  34
23 58 490.3512  35
23 59 495.2803  36
23 60 498.8623  37
24 46 381.9778  22
24 47 395.1342  23
24 48 411.4685  24
24 49 422.0512  25
24 50 435.0515  26
24 51 444.3122  27
24 52 456.3502  28
24 53 464.2894  29
24 54 474.0085  30
24 55 480.2548  31
24 56 488.4987  32
24 57 493.8129  33
24 58 501.1948  34
24 59 505.3229  35
24 60 512.0066  36
24 61 515.7547  37
24 62 522.0599  38
25 48 397.1880  23
25 49 413.5505  24
25 50 426.6347  25
25 51 440.3222  26
25 52 450.8567  27
25 53 462.9102  28
25 54 471.8490  29
25 55 482.0755  30
25 56 489.3459  31
25 57 497.9925  32
25 58 504.4052  33
25 59 512.1743  34
25 60 517.6882  35
25 61 524.5338  36
25 62 529.0439  37
25 63 535.8213  38
25 64 539.9947  39
25 65 546.0443  40
25 66 549.8987  41
26 50 417.7134  24
26 51 431.5176  25
26 52 447.7005  26
26 53 458.3855  27
26 54 471.7640  28
26 55 481.0621  29
26 56 492.2592  30
26 57 499.9052  31
26 58 509.9498  32
26 59 516.5308  33
26 60 525.3508  34
26 61 530.9297  35
26 62 538.9586  36
26 63 543.7876  37
26 64 551.1928  38
26 65 555.5161  39
26 66 562.4338  40
26 67 566.1296  41
26 68 571.6368  42
27 53 449.3151  26
27 54 462.7371  27
27 55 476.8284  28
27 56 486.9102  29
27 57 498.2867  30
27 58 506.8596  31
27 59 517.3135  32
27 60 524.8054  33
27 61 534.1246  34
27 62 540.7296  35
27 63 549.2092  36
27 64 555.2327  37
27 65 562.6974  38
27 66 567.9921  39
27 67 574.9768  40
27 68 579.6384  41
27 69 585.8002  42
27 70 589.5120  43
27 71 595.8135  44
28 54 453.1682  26
28 55 467.3519  27
28 56 483.9949  28
28 57 494.2426  29
28 58 506.4588  30
28 59 515.4581  31
28 60 526.8458  32
28 61 534.6659  33
28 62 545.2618  34
28 63 552.0995  35
28 64 561.7571  36
28 65 567.8552  37
28 66 576.8075  38
28 67 582.6152  39
28 68 590.4077  40
28 69 594.9938  41
28 70 602.3002  42
28 71 606.5638  43
28 72 613.4550  44
28 73 617.4084  45
29 57 484.6852  28
29 58 497.1154  29
29 59 509.8774  30
29 60 519.9355  31
29 61 531.6460  32
29 62 540.5206  33
29 63 551.3842  34
29 64 559.3003  35
29 65 569.2109  36
29 66 576.2769  37
29 67 585.4091  38
29 68 591.7286  39
29 69 599.9691  40
29 70 605.2806  41
29 71 613.0867  42
29 72 618.2299  43
29 73 625.5054  44
29 74 630.5957  45
29 75 637.1318  46
29 76 641.7081  47
29 77 647.1014  48
29 78 651.3721  49
30 58 486.9641  28
30 59 499.9522  29
30 60 514.9824  30
30 61 525.2232  31
30 62 538.1188  32
30 63 547.2356  33
30 64 559.0976  34
30 65 567.0769  35
30 66 578.1356  36
30 67 585.1879  37
30 68 595.3859  38
30 69 601.8680  39
30 70 611.0864  40
30 71 616.9221  41
30 72 625.8099  42
30 73 631.3292  43
30 74 639.5638  44
30 75 644.4373  45
30 76 652.2528  46
30 77 656.8102  47
30 78 663.5756  48
30 79 667.5960  49
30 80 673.8836  50
30 81 676.5059  51
31 61 515.1859  30
31 62 528.1553  31
31 63 540.7874  32
31 64 551.1450  33
31 65 563.0402  34
31 66 572.1782  35
31 67 583.4044  36
31 68 591.6826  37
31 69 601.9959  38
31 70 609.6495  39
31 71 618.9498  40
31 72 625.4703  41
31 73 634.6527  42
31 74 641.0743  43
31 75 649.5605  44
31 76 655.4640  45
31 77 663.2310  46
31 78 669.0160  47
31 79 675.9290  48
31 80 680.6763  49
31 81 687.1520  50
31 82 690.5260  51
31 83 694.9238  52
32 63 530.3791  31
32 64 545.8447  32
32 65 556.0811  33
32 66 569.2788  34
32 67 578.4010  35
32 68 590.7932  36
32 69 598.9864  37
32 70 610.5189  38
32 71 617.9348  39
32 72 628.6854  40
32 73 635.4683  41
32 74 645.6646  42
32 75 652.1698  43
32 76 661.5979  44
32 77 667.6702  45
32 78 676.3897  46
32 79 682.1255  47
32 80 690.2057  48
32 81 695.0333  49
32 82 702.2280  50
32 83 705.8606  51
32 84 711.1041  52
32 85 714.1503  53
33 65 545.7552  32
33 66 558.9181  33
33 67 571.5468  34
33 68 581.9267  35
33 69 594.1899  36
33 70 603.5166  37
33 71 615.1392  38
33 72 623.5469  39
33 73 634.3412  40
33 74 642.3198  41
33 75 652.5651  42
33 76 659.8936  43
33 77 669.5903  44
33 78 676.5626  45
33 79 685.4531  46
33 80 692.0595  47
33 81 700.4926  48
33 82 706.1336  49
33 83 713.7712  50
33 84 718.0269  51
33 85 723.4337  52
33 86 727.2780  53
33 87 732.0050  54
34 67 560.7588  33
34 68 576.4393  34
34 69 586.6219  35
34 70 600.3223  36
34 71 609.6102  37
34 72 622.4032  38
34 73 630.8336  39
34 74 642.8904  40
34 75 650.9180  41
34 76 662.0721  42
34 77 669.4911  43
34 78 679.9888  44
34 79 686.9516  45
34 80 696.8655  46
34 81 703.5663  47
34 82 712.8423  48
34 83 718.6602  49
34 84 727.3385  50
34 85 731.8758  51
34 86 738.0367  52
34 87 742.0309  53
34 88 747.5604  54
34 89 750.7399  55
35 70 589.0357  35
35 71 602.1838  36
35 72 612.8201  37
35 73 625.4717  38
35 74 635.1804  39
35 75 647.0739  40
35 76 656.3270  41
35 77 667.3439  42
35 78 675.6326  43
35 79 686.3204  44
35 80 694.2126  45
35 81 704.3701  46
35 82 711.9631  47
35 83 721.5436  48
35 84 728.3979  49
35 85 737.2553  50
35 86 742.3834  51
35 87 748.7142  52
35 88 753.6097  53
35 89 759.2394  54
35 90 763.0367  55
35 91 768.2150  56
35 92 771.4119  57
36 71 591.2262  35
36 72 606.9110  36
36 73 617.5934  37
36 74 631.4445  38
36 75 641.5079  39
36 76 654.2699  40
36 77 663.4963  41
36 78 675.5778  42
36 79 683.9122  43
36 80 695.4334  44
36 81 703.3069  45
36 82 714.2739  46
36 83 721.7449  47
36 84 732.2656  48
36 85 739.3779  49
36 86 749.2345  50
36 87 754.7496  51
36 88 761.8027  52
36 89 766.7186  53
36 90 773.2133  54
36 91 777.2993  55
36 92 783.1660  56
36 93 786.6041  57
36 94 791.8871  58
36 95 794.7697  59
36 96 799.7617  60
36 97 802.1768  61
37 74 620.2476  37
37 75 633.6207  38
37 76 644.9514  39
37 77 657.3751  40
37 78 667.5522  41
37 79 679.4902  42
37 80 688.9340  43
37 81 700.2864  44
37 82 709.0890  45
37 83 720.0432  46
37 84 728.8002  47
37 85 739.2825  48
37 86 747.9335  49
37 87 757.8557  50
37 88 763.9381  51
37 89 771.1128  52
37 90 776.8366  53
37 91 783.2896  54
37 92 788.3870  55
37 93 794.3057  56
37 94 798.3190  57
37 95 803.7228  58
37 96 807.2541  59
37 97 812.4891  60
37 98 816.0732  61
37 99 821.3340  62
38 75 622.2382  37
38 76 637.9386  38
38 77 649.5657  39
38 78 663.0074  40
38 79 673.3818  41
38 80 686.2877  42
38 81 695.5756  43
38 82 708.1288  44
38 83 716.9878  45
38 84 728.9108  46
38 85 737.4360  47
38 86 748.9273  48
38 87 757.3556  49
38 88 768.4681  50
38 89  774.8268  51
38 90  782.6388  52
38 91  788.4135  53
38 92  795.6995  54
38 93  800.9894  55
38 94  807.8178  56
38 95  812.1699  57
38 96  818.0503  58
38 97  821.7802  59
38 98  827.6965  60
38 99  831.8608  61
38 100 837.2360   62
38 101 841.0391   63
39 79  665.4794   40
39 80  676.3421   41
39 81  688.9783   42
39 82  699.4008   43
39 83  711.6136   44
39 84  721.3737   45
39 85  733.3926   46
39 86  742.9050   47
39 87  754.7114   48
39 88  764.0632   49
39 89  775.5454   50
39 90  782.4024   51
39 91  790.3314   52
39 92  796.8677   53
39 93  804.3495   54
39 94  810.5453   55
39 95  817.4767   56
39 96  822.6797   57
39 97  828.5366   58
39 98  832.7813   59
39 99  839.2077   60
39 100 843.9568   61
39 101 849.7618   62
39 103 859.3347   64
40 80  669.9286   40
40 81  680.8796   41
40 83  704.5373   43
40 84  718.1187   44
40 85  727.9434   45
40 86  740.8085   46
40 87  750.2587   47
40 88  762.6115   48
40 89  771.9301   49
40 90  783.8989   50
40 91  791.0933   51
40 92  799.7281   52
40 93  806.4625   53
40 94  814.6825   54
40 95  821.1445   55
40 96  829.0003   56
40 97  834.5755   57
40 98  840.9909   58
40 99  845.3931   59
40 100 852.2223   60
40 101 857.0825   61
40 102 863.5759   62
40 103 867.8766   63
40 104 873.8566   64
40 105 877.6688   65
41 83  696.2550   42
41 85  720.2654   44
41 86  731.1912   45
41 87  744.0030   46
41 88  754.3752   47
41 89  766.9214   48
41 90  777.0055   49
41 91  789.0530   50
41 92  796.9398   51
41 93  805.7705   52
41 94  812.9981   53
41 95  821.4853   54
41 96  828.3784   55
41 97  836.4518   56
41 98  842.4463   57
41 99  849.3143   58
41 100 854.8621   59
41 101 862.0132   60
41 102 867.5122   61
41 103 874.2930   62
41 104 879.1693   63
41 105 885.3223   64
41 106 889.6814   65
41 107 895.2731   66
41 108 899.1904   67
42 85  710.7131   43
42 86  725.3849   44
42 87  736.2289   45
42 88  750.1039   46
42 89  760.5036   47
42 90  773.7342   48
42 91  783.8399   49
42 92  796.5120   50
42 93  804.5818   51
42 94  814.2594   52
42 95  821.6285   53
42 96  830.7829   54
42 97  837.6040   55
42 98  846.2466   56
42 99  852.1721   57
42 100 860.4611   58
42 101 865.8593   59
42 102 873.9887   60
42 103 879.4572   61
42 104 886.9176   62
42 105 891.9763   63
42 106 898.8452   64
42 107 903.3337   65
42 108 909.6094   66
42 109 913.5909   67
42 110 919.5390   68
43 87  726.2537   44
43 88  738.3141   45
43 89  752.1012   46
43 90  763.5013   47
43 91  776.8362   48
43 92  787.8450   49
43 93  800.5985   50
43 94  809.2213   51
43 95  819.1557   52
43 96  827.0272   53
43 97  836.5014   54
43 98  843.7801   55
43 99  852.7466   56
43 100 859.5111   57
43 101 867.9012   58
43 102 874.2026   59
43 103 882.3054   60
43 104 888.2852   61
43 105 896.1418   62
43 106 901.6925   63
43 107 908.7366   64
43 108 913.9807   65
43 109 920.4120   66
43 110 925.2349   67
43 111 931.2963   68
43 112 935.5999   69
43 113 941.2957   70
44 90  756.8787   46
44 91  768.3054   47
44 92  782.4391   48
44 93  793.4232   49
44 94  806.8602   50
44 95  815.8096   51
44 96  826.5037   52
44 97  834.6152   53
44 98  844.7907   54
44 99  852.2574   55
44 100 861.9307   56
44 101 868.7328   57
44 102 877.9523   58
44 103 884.1845   59
44 104 893.0861   60
44 105 898.9962   61
44 106 907.4572   62
44 107 913.0667   63
44 108 920.9369   64
44 109 926.0853   65
44 110 933.4913   66
44 111 938.2747   67
44 112 945.1915   68
44 113 949.5099   69
44 114 955.9224   70
44 115 959.9678   71
45 92  770.3546   47
45 93  784.4439   48
45 94  796.4057   49
45 95  809.9118   50
45 96  819.3286   51
45 97  830.3097   52
45 98  838.9587   53
45 99  849.4318   54
45 100 857.5130   55
45 101 867.4092   56
45 102 874.8471   57
45 103 884.1656   58
45 104 891.1646   59
45 105 900.1316   60
45 106 906.7143   61
45 107 915.2861   62
45 108 921.5283   63
45 109 929.5787   64
45 110 935.4828   65
45 111 943.0149   66
45 112 948.5156   67
45 113 955.6207   68
45 114 960.6378   69
45 115 967.2256   70
45 116 971.8085   71
45 117 978.0358   72
45 118 982.0972   73
46 94  788.8182   48
46 95  800.7534   49
46 96  815.0421   50
46 97  824.7357   51
46 98  836.3217   52
46 99  845.2571   53
46 100 856.3703   54
46 101 864.6469   55
46 102 875.2150   56
46 103 882.8403   57
46 104 892.8223   58
46 105 899.9163   59
46 106 909.4773   60
46 107 916.0139   61
46 108 925.2355   62
46 109 931.3890   63
46 110 940.2054   64
46 111 945.9317   65
46 112 954.3229   66
46 113 959.6619   67
46 114 967.6330   68
46 115 972.6399   69
46 116 980.1164   70
46 117 984.7805   71
46 118 991.8186   72
46 119 995.9066   73
46 120 1002.8801  74
47 96  802.6996   49
47 97  816.9733   50
47 98  827.2698   51
47 99  839.0027   52
47 100 848.4994   53
47 101 859.7672   54
47 102 868.7507   55
47 103 879.3757   56
47 104 887.7613   57
47 105 897.7889   58
47 106 905.7299   59
47 107 915.2662   60
47 108 922.5376   61
47 109 931.7228   62
47 110 938.5320   63
47 111 947.3639   64
47 112 953.8010   65
47 113 962.3185   66
47 114 968.2907   67
47 115 976.4145   68
47 116 982.0452   69
47 117 989.7558   70
47 118 995.1989   71
47 119 1002.3622  72
47 120 1007.4393  73
47 121 1014.2620  74
47 122 1019.0364  75
47 123 1025.5497  76
47 124 1030.2732  77
48 98  821.0574   50
48 99  831.4389   51
48 100 843.7737   52
48 101 853.4866   53
48 102 865.3815   54
48 103 874.4451   55
48 104 885.8328   56
48 105 894.2695   57
48 106 905.1374   58
48 107 913.0683   59
48 108 923.4021   60
48 109 930.7252   61
48 110 940.6426   62
48 111 947.6183   63
48 112 957.0126   64
48 113 963.5526   65
48 114 972.5956   66
48 115 978.7365   67
48 116 987.4366   68
48 117 993.2138   69
48 118 1001.5684  70
48 119 1006.9112  71
48 120 1014.9628  72
48 121 1020.1346  73
48 122 1027.7645  74
48 123 1032.5382  75
48 124 1039.9882  76
48 125 1044.7098  77
48 126 1051.6898  78
48 127 1055.9402  79
48 128 1062.8264  80
48 130 1073.2568  82
49 100 833.1409   51
49 102 855.6344   53
49 103 867.6403   54
49 104 877.2647   55
49 105 888.7939   56
49 106 897.8286   57
49 107 908.8600   58
49 108 917.4834   59
49 109 927.9271   60
49 110 935.9822   61
49 111 945.9745   62
49 112 953.6456   63
49 113 963.0923   64
49 114 970.3661   65
49 115 979.4028   66
49 116 986.1876   67
49 117 994.9522   68
49 118 1001.3086  69
49 119 1009.8508  70
49 120 1015.9513  71
49 121 1024.1322  72
49 122 1029.9397  73
49 123 1037.8646  74
49 124 1043.3771  75
49 125 1051.0585  76
49 126 1056.4647  77
49 127 1063.6144  78
49 128 1069.1543  79
49 129 1075.6787  80
49 130 1080.8246  81
49 131 1087.0574  82
49 132 1089.4926  83
50 100 824.9393   50
50 102 849.0919   52
50 103 859.1978   53
50 104 871.9244   54
50 105 881.7089   55
50 106 893.7960   56
50 107 903.0259   57
50 108 914.6562   58
50 109 923.2892   59
50 110 934.5714   60
50 111 942.7404   61
50 112 953.5281   62
50 113 961.2718   63
50 114 971.5723   64
50 115 979.1180   65
50 116 988.6815   66
50 117 995.6245   67
50 118 1004.9509  68
50 119 1011.4344  69
50 120 1020.5389  70
50 121 1026.7092  71
50 122 1035.5260  72
50 123 1041.4723  73
50 124 1049.9631  74
50 125 1055.6963  75
50 126 1063.8895  76
50 127 1069.4098  77
50 128 1077.3477  78
50 129 1082.6764  79
50 130 1090.2913  80
50 131 1095.4969  81
50 132 1102.8451  82
50 133 1105.2148  83
50 134 1108.7626  84
51 105 871.4418   54
51 106 882.1332   55
51 107 894.3846   56
51 108 904.2479   57
51 109 916.1252   58
51 110 925.3949   59
51 111 936.8533   60
51 112 945.6886   61
51 113 956.5762   62
51 114 964.7269   63
51 115 975.3052   64
51 116 983.1953   65
51 117 993.0870   66
51 118 1000.5120  67
51 119 1010.0613  68
51 120 1017.0759  69
51 121 1026.3297  70
51 122 1033.1359  71
51 123 1042.0985  72
51 124 1048.5660  73
51 125 1057.2726  74
51 126 1063.4851  75
51 127 1071.8584  76
51 128 1077.8391  77
51 129 1085.9296  78
51 130 1091.6617  79
51 131 1099.4189  80
51 132 1105.1829  81
51 133 1112.5281  82
51 134 1115.8228  83
51 135 1119.5155  84
52 106 873.0975   54
52 107 883.4853   55
52 108 896.8040   56
52 109 906.8070   57
52 110 919.3927   58
52 111 928.8217   59
52 112 940.8730   60
52 113 949.7238   61
52 114 961.3367   62
52 115 969.5823	  63
52 116 980.8596   64
52 117 988.7590   65
52 118 999.4170   66
52 119 1006.9859  67
52 120 1017.2457  68
52 121 1024.4929  69
52 122 1034.3346  70
52 123 1041.2634  71
52 124 1050.6880  72
52 125 1057.2570  73
52 126 1066.3706  74
52 127 1072.6582  75
52 128 1081.4404  76
52 129 1087.5228  77
52 130 1095.9421  78
52 131 1101.8716  79
52 132 1109.9121  80
52 133 1115.7478  81
52 134 1123.4340  82
52 135 1126.8494  83
52 136 1131.4962  84
52 137 1134.3784  85
52 138 1138.9148  86
53 109 895.9844  56
53 110 906.8447  57
53 111 919.4056  58
53 112 929.5864  59
53 113 941.7140  60
53 115 963.0749  62
53 116 972.3007  63
53 117 983.3141  64
53 118 991.9222  65
53 119 1002.7879  66
53 120 1010.8484  67
53 121 1021.4181  68
53 122 1029.3181  69
53 123 1039.2527  70
53 124 1046.7460  71
53 125 1056.2888  72
53 126 1063.4338  73
53 127 1072.5776  74
53 128 1079.4038  75
53 129 1088.2428  76
53 130 1094.7429  77
53 131 1103.3210  78
53 132 1109.6476  79
53 133 1117.9075  80
53 134 1124.1646  81
53 135 1131.9547  82
53 136 1135.8069  83
53 137 1140.8129  84
53 139 1148.9760  86
53 140 1152.1161  87
53 141 1156.8926  88
54 110 897.5179  56
54 111 908.0620  57
54 112 921.7692  58
54 113 932.0157  59
54 114 944.9694  60
54 115 954.6115  61
54 116 967.0729  62
54 117 976.2827  63
54 118 988.2478  64
54 119 997.0345  65
54 120 1008.4838  66
54 121 1016.8554  67
54 122 1027.8090  68
54 123 1035.7744  69
54 124 1046.2579  70
54 125 1053.8611  71
54 126 1063.8855  72
54 127 1071.1331  73
54 128 1080.7421  74
54 129 1087.6493  75
54 130 1096.9050  76
54 131 1103.5094  77
54 132 1112.4462  78
54 133 1118.8821  79
54 134 1127.4343  80
54 135 1133.7987  81
54 136 1141.8816  82
54 137 1145.9072  83
54 138 1151.5701  84
54 139 1155.3110  85
54 140 1160.7241  86
54 141 1164.0063  87
54 142 1169.1100  88
54 143 1172.1545  89
54 144 1176.8953  90
54 145 1179.5876  91
54 146 1184.1206  92
55 112 907.2478  57
55 113 920.7956  58
55 114 931.7833  59
55 117 967.8081  62
55 118 977.7958  63
55 119 989.7628  64
55 120 999.4177  65
55 121 1010.7008  66
55 122 1019.8137  67
55 123 1030.7866  68
55 124 1039.5455  69
55 125 1049.9735  70
55 126 1058.3018  71
55 127 1068.2686  72
55 128 1076.0311  73
55 129 1085.6702  74
55 130 1093.1420  75
55 131 1102.3724  76
55 132 1109.5405  77
55 133 1118.5270  78
55 134 1125.4186  79
55 135 1134.1807  80
55 136 1141.0092  81
55 137 1149.2874  82
55 138 1153.6998  83
55 139 1159.5852  84
55 140 1164.0056  85
55 141 1169.5070  86
55 142 1173.6233  87
55 143 1178.8442  88
55 144 1182.5118  89
55 145 1187.3678  90
55 146 1190.9524  91
55 147 1195.4725  92
55 148 1198.8203  93
56 114 922.2794  58
56 117 957.9905  61
56 119 981.2654  63
56 120 993.6353  64
56 121 1003.5608  65
56 122 1015.4982  66
56 123 1024.6156  67
56 124 1036.1217  68
56 125 1044.7712  69
56 126 1055.8445  70
56 127 1064.0614  71
56 128 1074.6964  72
56 129 1082.4528  73
56 130 1092.7217  74
56 131 1100.2151  75
56 132 1110.0375  76
56 133 1117.2274  77
56 134 1126.6952  78
56 135 1133.6672  79
56 136 1142.7749  80
56 137 1149.6805  81
56 138 1158.2924  82
56 139 1163.0157  83
56 140 1169.4434  84
56 141 1173.9774  85
56 142 1180.1608  86
56 143 1184.3242  87
56 144 1190.2253  88
56 145 1194.0457  89
56 146 1199.5415  90
56 147 1202.9363  91
56 148 1208.3373  92
57 124 1026.5082  67
57 125 1038.0802  68
57 126 1047.3656  69
57 127 1058.3594  70
57 128 1067.1667  71
57 129 1077.9324  72
57 130 1086.3055  73
57 131 1096.5181  74
57 132 1104.5438  75
57 133 1114.3859  76
57 134 1122.1814  77
57 135 1131.6848  78
57 136 1139.1423  79
57 137 1148.2827  80
57 138 1155.7695  81
57 139 1164.5476  82
57 140 1169.7085  83
57 141 1176.3962  84
57 142 1181.5552  85
57 143 1187.7759  86
57 144 1192.5095  87
57 145 1198.5797  88
57 146 1202.8678  89
57 147 1208.5682  90
57 148 1212.6699  91
57 149 1218.2524  92
58 126 1042.4304  68
58 127 1051.6567  69
58 128 1063.2864  70
58 129 1072.1113  71
58 130 1083.3181  72
58 131 1091.6740  73
58 132 1102.5090  74
58 133 1110.5323  75
58 134 1121.0164  76
58 135 1128.8768  77
58 136 1138.7966  78
58 137 1146.2782  79
58 138 1156.0300  80
58 139 1163.4868  81
58 140 1172.6869  82
58 141 1178.1150  83
58 142 1185.2830  84
58 143 1190.4279  85
58 144 1197.3248  86
58 145 1202.0577  87
58 146 1208.6771  88
58 147 1213.1213  89
58 148 1219.5771  90
58 149 1223.9200  91
58 150 1230.1708  92
58 151 1234.6178  93
59 128 1053.3009  69
59 129 1064.8151  70
59 130 1074.2882  71
59 131 1085.4846  72
59 132 1094.4689  73
59 133 1105.2643  74
59 134 1113.9121  75
59 135 1124.4053  76
59 136 1132.8696  77
59 137 1142.7908  78
59 138 1150.8107  79
59 139 1160.5754  80
59 140 1168.5166  81
59 141 1177.9132  82
59 142 1183.7562  83
59 143 1191.1073  84
59 144 1196.8611  85
59 145 1203.8086  86
59 146 1208.9392  87
59 147 1215.7689  88
59 148 1220.9315  89
59 149 1227.5071  90
59 150 1232.8386  91
59 151 1239.3909  92
59 152 1244.4398  93
59 153 1250.3347  94
59 154 1255.0192  95
60 130 1068.9266  70
60 131 1078.1698  71
60 132 1089.8988  72
60 133 1098.8768  73
60 134 1110.2621  74
60 135 1118.9009  75
60 136 1129.9576  76
60 137 1138.4142  77
60 138 1148.9189  78
60 139 1156.9868  79
60 140 1167.2975  80
60 141 1175.3077  81
60 142 1185.1356  82
60 143 1191.2593  83
60 144 1199.0762  84
60 145 1204.8314  85
60 146 1212.3967  86
60 147 1217.6888  87
60 148 1225.0210  88
60 149 1230.0597  89
60 150 1237.4399  90
60 151 1242.7745  91
60 152 1250.0510  92
60 153 1255.3129  93
60 154 1261.7268  94
60 156 1272.7074  96
61 133 1091.1697  72
61 134 1100.5721  73
61 135 1111.8823  74
61 136 1121.1740  75
61 137 1132.1202  76
61 138 1141.0590  77
61 139 1151.6906  78
61 140 1160.4698  79
61 141 1170.8556  80
61 142 1179.5607  81
61 143 1189.4355  82
61 144 1195.9623  83
61 145 1203.8851  84
61 146 1210.1432  85
61 147 1217.8021  86
61 148 1223.6968  87
61 149 1230.9667  88
61 150 1236.5708  89
61 151 1244.4344  90
61 152 1250.3728  91
61 153 1257.8663  92
61 154 1263.7513  93
61 155 1270.2975  94
61 156 1275.6151  95
61 157 1281.8395  96
61 158 1286.6700  97
61 159 1292.4321  98
62 135 1103.9795  73
62 136 1116.0046  74
62 137 1125.2915  75
62 138 1136.8340  76
62 139 1145.7878  77
62 140 1156.9348  78
62 141 1165.4845  79
62 142 1176.6085  80
62 143 1185.2098  81
62 144 1195.7299  82
62 145 1202.4869  83
62 146 1210.9030  84
62 147 1217.2440  85
62 148 1225.3853  86
62 149 1231.2559  87
62 150 1239.2426  88
62 151 1244.8390  89
62 152 1253.0969  90
62 153 1258.9655  91
62 154 1266.9323  92
62 155 1272.7393  93
62 156 1279.9828  94
62 157 1285.4172  95
62 158 1291.9675  96
62 159 1297.0797  97
62 161 1307.7267  99
63 138 1126.3036  75
63 139 1138.0233  76
63 140 1147.6825  77
63 141 1158.6935  78
63 142 1168.1533  79
63 143 1179.1528  80
63 144 1188.6011  81
63 145 1199.0452  82
63 146 1206.2417  83
63 147 1214.7401  84
63 148 1221.5667  85
63 149 1229.7789  86
63 150 1236.2012  87
63 151 1244.1328  88
63 152 1250.4396  89
63 153 1258.9900  90
63 154 1265.4320  91
63 155 1273.5834  92
63 156 1279.9229  93
63 157 1287.3689  94
63 158 1293.1843  95
63 159 1300.0973  96
63 160 1305.3690  97
63 161 1311.9944  98
63 162 1316.9602  99
63 163 1323.1364  100
64 140 1141.6965  76
64 141 1151.2097  77
64 142 1163.0164  78
64 143 1172.3606  79
64 144 1183.9591  80
64 145 1193.1982  81
64 146 1204.4292  82
64 147 1211.7703  83
64 148 1220.7544  84
64 149 1227.6832  85
64 150 1236.3904  86
64 151 1242.8865  87
64 152 1251.4767  88
64 153 1257.7235  89
64 154 1266.6183  90
64 155 1273.0535  91
64 156 1281.5900  92
64 157 1287.9497  93
64 158 1295.8872  94
64 159 1301.8303  95
64 160 1309.2816  96
64 161 1314.9170  97
64 162 1321.7628  98
64 163 1327.0291  99
65 140 1129.6143  75
65 141 1141.7440  76
65 142 1151.8340  77
65 143 1163.7650  78
65 144 1173.7854  79
65 145 1185.3694  80
65 146 1195.3245  81
65 147 1206.3740  82
65 148 1214.2427  83
65 149 1223.2632  84
65 150 1230.9506  85
65 151 1239.5392  86
65 152 1246.7043  87
65 153 1255.3722  88
65 154 1262.2848  89
65 155 1271.4485  90
65 156 1278.3630  91
65 157 1287.1072  92
65 158 1293.8854  93
65 159 1302.0184  94
65 160 1308.3938  95
65 161 1316.0903  96
65 162 1322.3752  97
65 163 1329.3667  98
65 164 1334.9198  99
65 166 1346.8693  101
66 143 1154.7324  77
66 144 1167.2050  78
66 145 1176.9487  79
66 146 1189.3323  80
66 147 1199.0435  81
66 148 1210.7797  82
66 149 1218.6942  83
66 150 1228.3735  84
66 151 1235.8864  85
66 152 1245.3237  86
66 153 1252.4194  87
66 154 1261.7410  88
66 155 1268.5718  89
66 156 1278.0129  90
66 157 1284.9821  91
66 158 1294.0382  92
66 159 1300.8707  93
66 160 1309.4470  94
66 161 1315.9014  95
66 162 1324.0984  96
66 163 1330.3693  97
66 164 1338.0275  98
66 165 1343.7435  99
66 166 1350.7870  100
66 167 1356.2050  101
66 168 1362.9054  102
66 169 1368.0143  103
67 144 1154.4620  77
67 145 1167.0439  78
67 146 1177.2334  79
67 147 1189.8235  80
67 148 1200.1289  81
67 149 1211.8737  82
67 150 1220.2267  83
67 151 1229.9746  84
67 152 1238.0310  85
67 153 1247.5071  86
67 154 1255.2050  87
67 155 1264.6766  88
67 156 1272.1807  89
67 157 1281.6115  90
67 158 1289.0348  91
67 159 1298.2507  92
67 160 1305.3746  93
67 161 1314.2609  94
67 162 1321.1764  95
67 163 1329.5845  96
67 164 1336.2590  97
67 165 1344.2478  98
67 166 1350.4916  99
67 167 1357.7728  100
67 168 1363.6238  101
67 169 1370.4320  102
67 170 1375.9448  103
67 171 1382.2963  104
68 146 1169.5348  78
68 147 1179.8918  79
68 148 1192.8344  80
68 149 1203.1683  81
68 150 1215.3295  82
68 151 1223.8353  83
68 152 1234.1412  84
68 153 1242.1876  85
68 154 1252.3893  86
68 155 1260.0638  87
68 156 1270.1388  88
68 157 1277.4108  89
68 158 1287.3723  90
68 159 1294.7000  91
68 160 1304.2697  92
68 161 1311.4818  93
68 162 1320.6868  94
68 163 1327.5914  95
68 164 1336.4380  96
68 165 1343.0884  97
68 166 1351.5637  98
68 167 1358.0000  99
68 168 1365.7714  100
68 169 1371.7747  101
68 170 1379.0323  102
68 171 1384.7141  103
68 172 1391.5500  104
69 147 1168.4761  78
69 148 1179.3380  79
69 151 1215.5651  82
69 152 1224.6289  83
69 153 1234.9211  84
69 154 1243.4285  85
69 155 1253.6985  86
69 156 1261.9833  87
69 157 1271.9242  88
69 158 1279.9895  89
69 159 1289.9279  90
69 160 1297.7312  91
69 161 1307.3989  92
69 162 1315.0454  93
69 163 1324.3701  94
69 164 1331.6179  95
69 165 1340.7142  96
69 166 1347.7437  97
69 167 1356.4711  98
69 168 1363.3116  99
69 169 1371.3453  100
69 170 1377.9373  101
69 171 1385.4237  102
69 172 1391.6583  103
69 173 1398.6091  104
69 174 1404.2917  105
69 175 1410.8091  106
69 176 1415.9385  107
70 151 1205.5472  81
70 152 1218.3816  82
70 154 1238.1510  84
70 155 1246.7933  85
70 156 1257.6267  86
70 157 1265.8627  87
70 158 1276.5125  88
70 159 1284.4117  89
70 160 1294.8096  90
70 161 1302.5555  91
70 162 1312.6141  92
70 163 1320.1582  93
70 164 1329.9479  94
70 165 1337.2904  95
70 166 1346.6687  96
70 167 1353.7347  97
70 168 1362.7975  98
70 169 1369.6646  99
70 170 1378.1232  100
70 171 1384.7378  101
70 172 1392.7572  102
70 173 1399.1246  103
70 174 1406.5894  104
70 175 1412.4116  105
70 176 1419.2761  106
70 177 1424.8425  107
70 178 1431.6229  108
71 153 1217.7728  82
71 155 1238.0580  84
71 156 1247.3287  85
71 157 1258.1090  86
71 158 1266.9342  87
71 159 1277.5078  88
71 160 1286.1340  89
71 161 1296.4977  90
71 162 1304.8435  91
71 163 1314.8695  92
71 164 1322.7919  93
71 165 1332.6631  94
71 166 1340.3130  95
71 167 1349.8645  96
71 168 1357.5046  97
71 169 1366.5891  98
71 170 1373.8822  99
71 171 1382.4774  100
71 172 1389.4568  101
71 173 1397.6726  102
71 174 1404.4333  103
71 175 1412.1001  104
71 176 1418.3881  105
71 177 1425.4611  106
71 178 1431.4863  107
71 179 1438.2788  108
71 180 1443.9713  109
72 156 1240.6487  84
72 158 1261.0419  86
72 159 1269.8640  87
72 160 1281.0203  88
72 161 1289.4695  89
72 162 1300.3914  90
72 163 1308.5820  91
72 164 1319.1958  92
72 165 1327.0739  93
72 166 1337.3687  94
72 167 1345.0487  95
72 168 1355.0129  96
72 169 1362.4404  97
72 170 1372.0487  98
72 171 1379.2976  99
72 172 1388.3412  100
72 173 1395.4208  101
72 174 1403.9258  102
72 175 1410.6344  103
72 176 1418.7998  104
72 177 1425.1792  105
72 178 1432.8051  106
72 179 1438.9042  107
72 180 1446.2919  108
72 181 1451.9867  109
72 182 1458.7047  110
72 183 1464.0085  111
72 184 1470.2950  112
73 157 1239.7141  84
73 159 1260.6729  86
73 160 1270.1736  87
73 161 1281.0773  88
73 162 1290.2228  89
73 163 1301.0544  90
73 164 1309.8676  91
73 165 1320.5096  92
73 166 1328.8252  93
73 167 1339.1498  94
73 168 1347.2639  95
73 169 1357.2317  96
73 170 1365.1503  97
73 171 1374.8043  98
73 172 1382.4852  99
73 173 1391.6230  100
73 174 1399.0387  101
73 175 1407.7778  102
73 176 1414.8059  103
73 177 1423.2310  104
73 178 1430.0858  105
73 179 1438.0161  106
73 180 1444.6624  107
73 181 1452.2390  108
73 182 1458.3019  109
73 183 1465.2361  110
73 184 1470.8527  111
73 185 1477.4789  112
73 186 1482.7638  113
74 160 1262.8789  86
74 162 1283.6605  88
74 163 1292.6403  89
74 164 1304.0375  90
74 165 1312.7351  91
74 166 1323.8307  92
74 167 1332.1050  93
74 168 1342.9850  94
74 169 1351.0769  95
74 170 1361.5240  96
74 171 1369.3877  97
74 172 1379.4701  98
74 173 1387.1716  99
74 174 1396.7427  100
74 175 1404.2196  101
74 176 1413.2997  102
74 177 1420.4313  103
74 178 1429.2123  104
74 179 1436.1678  105
74 180 1444.5801  106
74 181 1451.2683  107
74 182 1459.3336  108
74 183 1465.5245  109
74 184 1472.9362  110
74 185 1478.6901  111
74 186 1485.8824  112
74 187 1491.3489  113
74 188 1498.1838  114
74 189 1503.0663  115
74 190 1509.9561  116
75 161 1261.6816  86
75 163 1282.9564  88
75 164 1292.5430  89
75 165 1303.7402  90
75 166 1313.0566  91
75 168 1333.1002  93
75 169 1343.7863  94
75 170 1352.3656  95
75 171 1362.7697  96
75 172 1371.1138  97
75 173 1381.2157  98
75 174 1389.4064  99
75 175 1399.0928  100
75 176 1406.9387  101
75 177 1416.2163  102
75 178 1423.6720  103
75 179 1432.6747  104
75 180 1439.9985  105
75 181 1448.7559  106
75 182 1455.7513  107
75 183 1464.1862  108
75 184 1470.6711  109
75 185 1478.3401  110
75 186 1484.5195  111
75 187 1491.8789  112
75 188 1497.7505  113
75 189 1504.7839  114
75 190 1510.4436  115
75 191 1517.2975  116
76 164 1284.6973  88
76 166 1305.8174  90
76 167 1314.9545  91
76 168 1326.5150  92
76 169 1335.3152  93
76 170 1346.5872  94
76 171 1355.0302  95
76 172 1366.0533  96
76 173 1374.3179  97
76 174 1384.9476  98
76 175 1393.1332  99
76 176 1403.1915  100
76 177 1411.1143  101
76 178 1420.7830  102
76 179 1428.3278  103
76 180 1437.7344  104
76 181 1445.0029  105
76 182 1454.1305  106
76 183 1461.2555  107
76 184 1469.9207  108
76 185 1476.5452  109
76 186 1484.8091  110
76 187 1491.0989  111
76 188 1499.0885  112
76 189 1505.0092  113
76 190 1512.8013  114
76 191 1518.5601  115
76 192 1526.1185  116
76 193 1531.7018  117
76 194 1538.8145  118
76 195 1544.1428  119
76 196 1550.7986  120
77 167 1304.7473  90
77 168 1314.4575  91
77 169 1325.8949  92
77 171 1346.3848  94
77 172 1355.4053  95
77 173 1366.3677  96
77 174 1375.0374  97
77 175 1385.6262  98
77 176 1394.1722  99
77 177 1404.4298  100
77 178 1412.7057  101
77 179 1422.6025  102
77 180 1430.5739  103
77 181 1440.1395  104
77 182 1447.7908  105
77 183 1457.0076  106
77 184 1464.4927  107
77 185 1473.2886  108
77 186 1480.1973  109
77 187 1488.6281  110
77 188 1495.5183  111
77 189 1503.6949  112
77 190 1510.0651  113
77 191 1518.0917  114
77 192 1524.2897  115
77 193 1532.0618  116
77 194 1538.1287  117
77 195 1545.3604  118
77 196 1551.1754  119
77 197 1558.0746  120
77 199 1570.3516  122
78 168 1306.0034  90
78 170 1327.4054  92
78 171 1336.6428  93
78 172 1348.3464  94
78 173 1357.2560  95
78 174 1368.6996  96
78 175 1377.1478  97
78 176 1388.4639  98
78 177 1396.9708  99
78 178 1407.6703  100
78 179 1416.0129  101
78 180 1426.2505  102
78 181 1434.2601  103
78 182 1444.1267  104
78 183 1451.8007  105
78 184 1461.4320  106
78 185 1468.8538  107
78 186 1478.1064  108
78 187 1485.0262  109
78 188 1494.2136  110
78 189 1500.9412  111
78 190 1509.8524  112
78 191 1516.2999  113
78 192 1524.9619  114
78 193 1531.2228  115
78 194 1539.5751  116
78 195 1545.6802  117
78 196 1553.6021  118
78 197 1559.4485  119
78 198 1567.0035  120
78 199 1572.5594  121
78 200 1579.8412  122
78 201 1585.0529  123
79 171 1325.9575  92
79 172 1335.8300  93
79 173 1347.3541  94
79 175 1368.1182  96
79 176 1377.1429  97
79 177 1388.3645  98
79 178 1397.2152  99
79 179 1407.9406  100
79 180 1416.6281  101
79 181 1426.9744  102
79 182 1435.4751  103
79 183 1445.4325  104
79 184 1453.6356  105
79 185 1463.2552  106
79 186 1471.1744  107
79 187 1480.5360  108
79 188 1487.9031  109
79 189 1497.2555  110
79 190 1504.6281  111
79 191 1513.6274  112
79 192 1520.6632  113
79 193 1529.3647  114
79 194 1536.2917  115
79 195 1544.6709  116
79 196 1551.3127  117
79 197 1559.3850  118
79 198 1565.8975  119
79 199 1573.4817  120
79 200 1579.7263  121
79 201 1586.9303  122
79 202 1593.0001  123
79 203 1599.8157  124
80 172 1326.7754  92
80 174 1348.4678  94
80 175 1357.8665  95
80 176 1369.7426  96
80 177 1378.8158  97
80 178 1390.4181  98
80 179 1399.1000  99
80 180 1410.5007  100
80 181 1418.9821  101
80 182 1429.9690  102
80 183 1438.2694  103
80 184 1448.8843  104
80 185 1456.7817  105
80 186 1467.2173  106
80 187 1474.8669  107
80 188 1485.0222  108
80 189 1492.5222  109
80 190 1502.3339  110
80 191 1509.6276  111
80 192 1519.1174  112
80 193 1526.2396  113
80 194 1535.4409  114
80 195 1542.3196  115
80 196 1551.2172  116
80 197 1558.0027  117
80 198 1566.4879  118
80 199 1573.1506  119
80 200 1581.1792  120
80 201 1587.4099  121
80 202 1595.1639  122
80 203 1601.1594  123
80 204 1608.6511  124
80 205 1614.3202  125
80 206 1621.0500  126
80 207 1624.3940  127
80 208 1629.5117  128
81 176 1356.6013  95
81 177 1368.5829  96
81 179 1389.6962  98
81 180 1398.7292  99
81 181 1410.3375  100
81 182 1418.9606  101
81 183 1430.2704  102
81 184 1438.6373  103
81 185 1449.5793  104
81 186 1457.7694  105
81 187 1468.4097  106
81 188 1476.3843  107
81 189 1486.7111  108
81 190 1494.4912  109
81 191 1504.5345  110
81 192 1512.1951  111
81 193 1521.6942  112
81 194 1529.2925  113
81 195 1538.6921  114
81 196 1546.1046  115
81 197 1555.0205  116
81 198 1562.2455  117
81 199 1570.8815  118
81 200 1577.9408  119
81 201 1586.1475  120
81 202 1593.0215  121
81 203 1600.8694  122
81 204 1607.5255  123
81 205 1615.0715  124
81 206 1621.5753  125
81 207 1628.4265  126
81 208 1632.2163  127
81 209 1637.1730  128
81 210 1640.8536  129
81 213 1654.0573  132
82 178 1368.9733  96
82 179 1378.5638  97
82 180 1390.6198  98
82 181 1399.8596  99
82 182 1411.6481  100
82 183 1420.4677  101
82 184 1432.0225  102
82 185 1440.5826  103
82 186 1451.7948  104
82 187 1460.1742  105
82 188 1471.0710  106
82 189 1479.2047  107
82 190 1489.8156  108
82 191 1497.7152  109
82 192 1508.0970  110
82 193 1515.8064  111
82 194 1525.8918  112
82 195 1533.4683  113
82 196 1543.1874  114
82 197 1550.6456  115
82 198 1560.0195  116
82 199 1567.2715  117
82 200 1576.3668  118
82 201 1583.4402  119
82 202 1592.1908  120
82 203 1599.1122  121
82 204 1607.5070  122
82 205 1614.2385  123
82 206 1622.3252  124
82 207 1629.0629  125
82 208 1636.4309  126
82 209 1640.3683  127
82 210 1645.5532  128
82 211 1649.3868  129
82 212 1654.5199  130
82 213 1658.2389  131
82 214 1663.2913  132
83 184 1419.0002  101
83 186 1439.4996  103
83 187 1450.7867  104
83 188 1459.6742  105
83 189 1470.6079  106
83 190 1479.2024  107
83 191 1489.9270  108
83 192 1498.3041  109
83 193 1508.7021  110
83 194 1516.8685  111
83 195 1526.9978  112
83 196 1535.0524  113
83 197 1544.8016  114
83 198 1552.5557  115
83 199 1562.0563  116
83 200 1569.6998  117
83 201 1578.8160  118
83 202 1586.2136  119
83 203 1595.0670  120
83 204 1602.2596  121
83 205 1610.7500  122
83 206 1617.7854  123
83 207 1625.8831  124
83 208 1632.7700  125
83 209 1640.2300  126
83 210 1644.8345  127
83 211 1649.9719  128
83 212 1654.3047  129
83 213 1659.4862  130
83 214 1663.5282  131
83 215 1668.7498  132
83 216 1672.5958  133
84 186 1431.4508  102
84 187 1440.7843  103
84 188 1452.2345  104
84 189 1461.1815  105
84 190 1472.3972  106
84 191 1480.9597  107
84 192 1492.0472  108
84 193 1500.4067  109
84 194 1511.1241  110
84 195 1519.2610  111
84 196 1529.7347  112
84 197 1537.6904  113
84 198 1547.8777  114
84 199 1555.6899  115
84 200 1565.5016  116
84 201 1573.1426  117
84 202 1582.6141  118
84 203 1590.0709  119
84 204 1599.1776  120
84 205 1606.4120  121
84 206 1615.1597  122
84 207 1622.1921  123
84 208 1630.5873  124
84 209 1637.5549  125
84 210 1645.2135  126
84 211 1649.7640  127
84 212 1655.7723  128
84 213 1660.1277  129
84 214 1666.0155  130
84 215 1670.1561  131
84 216 1675.9094  132
84 217 1679.8726  133
84 218 1685.4722  134
84 221 1698.2610  137
84 222 1703.6356  138
85 191 1471.2606  106
85 192 1480.2743  107
85 193 1491.3303  108
85 194 1500.0355  109
85 195 1510.8837  110
85 196 1519.4021  111
85 197 1529.8943  112
85 198 1538.2719  113
85 199 1548.5149  114
85 200 1556.7520  115
85 201 1566.6245  116
85 202 1574.4974  117
85 203 1584.1417  118
85 204 1591.9257  119
85 205 1601.0920  120
85 206 1608.6208  121
85 207 1617.4904  122
85 208 1624.8043  123
85 209 1633.2888  124
85 210 1640.4498  125
85 211 1648.1965  126
85 212 1653.2487  127
85 213 1659.2715  128
85 214 1664.1429  129
85 215 1670.0892  130
85 216 1674.6509  131
85 217 1680.5806  132
85 218 1684.9497  133
85 219 1690.7216  134
85 220 1694.8383  135
85 224 1713.7693  139
86 193 1481.4371  107
86 194 1492.8303  108
86 195 1501.5613  109
86 196 1512.7263  110
86 197 1521.2915  111
86 198 1532.0706  112
86 199 1540.4204  113
86 200 1550.9871  114
86 201 1559.1254  115
86 202 1569.3997  116
86 203 1577.3557  117
86 204 1587.2507  118
86 205 1595.0521  119
86 206 1604.5258  120
86 207 1612.1156  121
86 208 1621.2125  122
86 209 1628.5521  123
86 210 1637.2963  124
86 211 1644.5223  125
86 212 1652.4978  126
86 213 1657.6077  127
86 214 1664.3007  128
86 215 1669.2208  129
86 216 1675.8679  130
86 217 1680.5364  131
86 218 1687.0486  132
86 219 1691.5056  133
86 220 1697.8005  134
86 221 1702.0059  135
86 222 1708.1775  136
86 223 1712.2261  137
86 224 1718.2581  138
86 225 1722.2090  139
86 226 1728.0966  140
86 227 1732.0325  141
86 228 1737.7294  142
86 229 1741.6875  143
87 199 1531.3671  112
87 200 1540.0752  113
87 201 1550.6689  114
87 202 1559.1791  115
87 203 1569.5359  116
87 204 1577.8772  117
87 205 1587.8656  118
87 206 1595.8696  119
87 207 1605.5408  120
87 208 1613.4403  121
87 209 1622.6104  122
87 210 1630.2449  123
87 211 1639.1238  124
87 212 1646.5709  125
87 213 1654.6797  126
87 214 1660.1570  127
87 215 1666.9518  128
87 216 1672.3702  129
87 217 1679.0980  130
87 218 1684.4248  131
87 219 1690.9364  132
87 220 1696.1456  133
87 221 1702.4185  134
87 222 1707.4193  135
87 223 1713.4556  136
87 224 1718.2596  137
87 225 1724.1671  138
87 226 1728.6808  139
87 227 1734.4702  140
87 229 1744.4512  142
87 230 1748.8392  143
88 202 1552.4696  114
88 203 1560.9741  115
88 204 1571.6462  116
88 205 1579.9348  117
88 206 1590.2800  118
88 207 1598.3781  119
88 208 1608.2734  120
88 209 1616.2040  121
88 210 1625.6707  122
88 211 1633.3694  123
88 212 1642.4766  124
88 213 1649.9860  125
88 214 1658.3197  126
88 215 1663.9537  127
88 216 1671.2678  128
88 217 1676.7427  129
88 218 1684.0504  130
88 219 1689.3788  131
88 220 1696.5714  132
88 221 1701.9515  133
88 222 1708.6654  134
88 223 1713.8223  135
88 224 1720.3073  136
88 225 1725.2048  137
88 226 1731.6025  138
88 227 1736.1638  139
88 228 1742.4677  140
88 229 1746.9299  141
88 230 1753.0403  142
88 231 1757.4020  143
88 232 1763.2014  144
89 206 1579.5302  117
89 207 1589.9867  118
89 208 1598.4460  119
89 209 1608.4320  120
89 210 1616.5581  121
89 211 1626.2148  122
89 212 1634.2172  123
89 213 1643.4066  124
89 214 1651.1885  125
89 215 1659.6736  126
89 216 1665.6311  127
89 217 1673.1438  128
89 218 1679.0753  129
89 219 1686.4208  130
89 220 1692.3181  131
89 221 1699.6100  132
89 222 1705.5830  133
89 223 1712.4489  134
89 224 1718.1145  135
89 225 1724.7792  136
89 226 1730.1794  137
89 227 1736.7090  138
89 228 1741.7312  139
89 229 1747.9535  140
89 230 1752.9678  141
89 231 1758.9287  142
89 232 1763.7640  143
89 236 1783.9353  147
90 208 1591.7400  118
90 209 1599.9573  119
90 210 1610.5068  120
90 211 1618.7308  121
90 212 1628.6111  122
90 213 1636.6605  123
90 214 1646.1394  124
90 215 1654.0004  125
90 216 1662.6997  126
90 217 1668.8463  127
90 218 1676.7661  128
90 219 1682.7354  129
90 220 1690.6104  130
90 221 1696.4128  131
90 222 1704.2192  132
90 223 1710.1077  133
90 224 1717.5684  134
90 225 1723.3259  135
90 226 1730.5103  136
90 227 1735.9714  137
90 228 1743.0828  138
90 229 1748.3328  139
90 230 1755.1284  140
90 231 1760.2463  141
90 232 1766.6816  142
90 233 1771.4680  143
90 234 1777.6617  144
90 235 1782.0919  145
91 212 1618.3121  121
91 213 1628.3339  122
91 214 1636.5830  123
91 215 1646.2688  124
91 216 1654.4159  125
91 217 1663.2114  126
91 218 1669.6692  127
91 219 1677.8848  128
91 220 1684.0979  129
91 221 1692.1918  130
91 223 1706.3905  132
91 224 1712.9202  133
91 225 1720.5132  134
91 226 1726.8921  135
91 227 1734.1639  136
91 228 1740.1454  137
91 229 1747.2399  138
91 230 1753.0356  139
91 231 1759.8547  140
91 232 1765.4100  141
91 233 1771.9319  142
91 234 1777.1523  143
91 235 1783.2343  144
91 236 1788.2898  145
91 237 1794.0653  146
91 238 1799.0099  147
92 217 1656.7876  125
92 218 1665.6602  126
92 219 1672.3398  127
92 223 1702.0901  131
92 224 1710.2864  132
92 225 1716.6940  133
92 226 1724.8138  134
92 227 1731.1919  135
92 228 1739.0607  136
92 229 1745.1460  137
92 230 1752.8131  138
92 231 1758.6908  139
92 232 1765.9650  140
92 233 1771.7200  141
92 234 1778.5643  142
92 235 1783.8619  143
92 236 1790.4075  144
92 237 1795.5331  145
92 238 1801.6876  146
92 239 1806.4939  147
92 240 1812.4238  148
93 225 1711.7010  132
93 227 1726.8696  134
93 228 1733.9071  135
93 229 1741.7948  136
93 230 1748.4093  137
93 231 1756.0913  138
93 233 1769.9087  140
93 234 1775.9720  141
93 235 1782.9556  142
93 236 1788.6992  143
93 237 1795.2693  144
93 238 1800.7577  145
93 239 1806.9729  146
93 240 1812.0417  147
93 241 1818.1661  148
93 242 1823.0809  149
94 228 1730.6418  134
94 229 1737.3989  135
94 230 1745.9296  136
94 231 1752.6492  137
94 232 1760.6403  138
94 233 1767.0254  139
94 234 1774.7987  140
94 235 1781.0352  141
94 236 1788.3933  142
94 237 1794.2671  143
94 238 1801.2668  144
94 239 1806.9130  145
94 240 1813.4471  146
94 241 1818.6886  147
94 242 1824.9984  148
94 243 1830.0327  149
94 244 1836.0538  150
94 245 1840.7526  151
94 246 1846.6069  152
95 235 1777.8109  140
95 238 1798.2261  143
95 239 1805.3287  144
95 240 1811.2800  145
95 241 1817.9271  146
95 242 1823.4650  147
95 243 1829.8296  148
95 244 1835.1962  149
95 245 1841.2487  150
95 246 1846.2251  151
96 233 1758.2211  137
96 234 1766.8604  138
96 236 1781.8621  140
96 237 1788.5505  141
96 238 1796.4242  142
96 239 1802.7911  143
96 240 1810.2911  144
96 241 1816.3774  145
96 242 1823.3469  146
96 243 1829.0399  147
96 244 1835.8411  148
96 245 1841.3615  149
96 246 1847.8191  150
96 247 1852.9750  151
96 248 1859.1879  152
96 249 1863.9011  153
96 250 1869.7338  154
96 251 1874.1451  155
97 243 1826.7501  146
97 244 1832.7970  147
97 245 1839.7682  148
97 246 1845.6866  149
97 247 1852.2357  150
97 249 1864.0195  152
97 250 1868.9890  153
97 251 1874.7830  154
98 237 1778.2968  139
98 240 1802.4398  142
98 242 1817.2031  144
98 244 1831.2581  146
98 245 1837.4147  147
98 246 1844.7808  148
98 247 1850.8414  149
98 248 1857.7756  150
98 249 1863.3611  151
98 250 1869.9862  152
98 251 1875.0935  153
98 252 1881.2667  154
98 253 1886.0710  155
98 254 1892.1027  156
99 247 1847.5847  148
99 251 1873.9348  152
99 252 1879.2241  153
99 253 1885.5759  154
99 254 1890.6691  155
99 255 1896.6423  156
100 246 1837.1218  146
100 248 1851.5581  148
100 249 1858.0018  149
100 250 1865.5203  150
100 251 1871.7120  151
100 252 1878.9186  152
100 253 1884.4586  153
100 254 1890.9744  154
100 255 1896.1497  155
100 256 1902.5352  156
100 257 1907.5031  157
101 251 1867.9169  150
101 255 1894.3247  154
101 256 1899.6306  155
101 257 1906.3140  156
101 258 1911.6934  157
102 252 1871.3047  150
102 253 1877.8831  151
102 254 1885.5898  152
102 255 1891.5793  153
102 256 1898.6327  154
102 257 1904.2777  155
103 255 1887.6570  152
103 256 1893.9290  153
104 256 1890.6748  152
104 257 1897.0961  153
104 258 1904.6930  154
104 261 1923.9257  157
105 259 1906.3337  154
105 260 1913.0330  155
106 260 1909.0698  154
106 261 1915.6782  155
108 264 1926.7750  156
108 265 1933.2383  157
110 269 1950.0985  159

